1659895655 100.00
1659896021 100.00
1659908181 100.00
1659924896 100.00
1659930830 97.67
1659934936 100.00
1659952978 100.00
1660068293 96.27
1660075213 96.27
1660081479 96.27
1660087378 96.27
1660092396 96.37
1660101116 99.10
1660105826 100.00
1660202308 100.00
1660451700 96.34
1660458063 98.19
1660497959 100.00
1660523072 100.00
1660542113 100.00
1660690458 98.86
1662071874 99.96
1662083805 100.00
1662161073 100.00
1662174084 100.00
1662177892 100.00
1662183426 100.00
1662189933 100.00
1662196791 100.00
1662203167 100.00
1662235582 100.00
1662244583 100.00
1662249749 100.00
1662250443 100.00
1662254044 100.00
1662259808 100.00
1662263463 100.00
1662336804 100.00
1662423225 100.00
1662509620 100.00
1662596019 100.00
1662682687 100.00
1662768750 100.00
1662855249 100.00
1662941539 100.00
1663028307 100.00
1663114350 100.00
1663200791 100.00
1663287400 100.00
1663373540 100.00
1663459999 100.00
1663546453 100.00
1663632745 100.00
1663719256 100.00
1663805924 100.00
1663891972 100.00
1663978420 100.00
1664064766 99.98
1664151177 99.98
1664156166 100.00
1664205407 99.99
1664215933 98.58
